6364.04
6139.11
6515.52
6513.77
6498.81
6718.31
6362.06
6580.54
6528.1
6275.01
6686.09
6348.38
6517.64
6388.71
6372.65
6166.87
6594.51
6725.15
6383.28
6581.29
6579.48
6337.86
6287.67
6231.99
6723.42
6499.57
6387.55
6499.37
6155.62
6568.38
6729.76
6681.98
6706.89
6532.59
6501.67
6391.52
6709.5
6568.78
6757.28
6373.57
6418.69
6497.13
6497.59
6503.14
6735.17
6377.91
6209.76
6230.66
6580.63
6486.79
6310.33
6689.21
6396.25
6373.85
6500.99
6725.83
6719.33
6562.89
6554.86
6559.22
6711.92
6737.03
6436.29
6578.05
6385.62
6513.77
6483.39
6509.88
6301.8
6733.44
6157.37
6771.28
6726.49
6376.43
6476.6
6727.12
6700.32
6578.2
6726.38
6221.97
6722.22
6547.96
6252.23
6491.63
6228.5
6518.24
6541.11
6508.86
6507.25
6205.7
6515.7
6725.75
6730.28
6562.16
6367.65
6724.15
6718.42
6526.15
6269.03
6358.11
6708.3
6346.03
6756.41
6129.43
6494.68
6765.36
6705.79
6579.11
6586.85
6725.15
6497.08
6379.04
6577.5
6719
6140.75
6301.23
6713.74
6371.74
6720.71
6231.82
6568.15
6365.02
6709.69
6402.32
6602.3
6135.68
6725.07
6396.94
6714.68
6399.96
6712.63
6518.38
6483.39
6491.31
6222.76
6326.13
6530.96
6487.96
6575.05
6713.4
6498.14
6406.28
6290.78
6485.97
6712.95
6223.83
6382.65
6720.45
6730.42
6721.24
6700.55
6722.16
6228.12
6606.23
6361.57
6356.04
6512.06
6531.65
6210.42
6394.38
6738.44
6517.82
6576.61
6473.48
6351.82
6296
6357.89
6376.02
6225.42
6706.45
6229.9
6292.66
6491.62
6339.26
6371.49
6512.45
6282.32
6518.4
6719.83
6358.22
6139.43
6366.82
6156.7
6446.11
6698.2
6369.97
6369.97
6219.91
6719.09
6366.08
6290.75
6559.51
6686.22
6718.9
6723.59
6156.94
6504.33
6546.48
6584.64
6508.11
6715
6290.25
6555.52
6760.81
6380.84
6731.19
6501.7
6518.02
6369.17
6498.74
6224.6
6502.85
6587.88
6280.24
6289.57
6728.96
6725.71
6371.08
6371.08
6371.08
6371.08
6371.08
6505.58
6728.46
6233.64
6566.11
6301
6705.64
6702.45
6730
6387.56
6697.05
6696.46
6517.72
6715.44
6568.87
6725.4
6519.88
6369.39
6583.09
6520.24
6422.29
6573.11
6130.54
6392.04
6369.65
6706.38
6536.55
6578.8
6284.76
6597.33
6709.39
6724.91
6497.56
6291.34
6224.62
6510.24
6363.09
6371.62
6706.48
6346.08
6353.04
6384.17
6494.63
6810.53
6520.1
6569.75
6714.49
6574.76
6520.37
6384.98
6141.15
6495.89
6488.09
6302.61
6512.72
6760.89
6731.22
6713.29
6506.62
6715.27
6297.25
6500.92
6160.5
6400.16
6817.54
6728.57
6575.69
6712.07
6224.89
6576.36
6364.24
6581.26
6506.24
6151.58
6480.25
6489.78
6716.25
6499.99
6374.5
6696.33
6502.8
6492.72
6383.44
6696.9
6713.56
6490.23
6503.35
6373.02
6146.33
6247.21
6348.11
6346.84
6501.56
6134.61
6207.93
6491.68
6352.33
6300.22
6387.72
6505.16
6699.85
6347.81
6347.81
6347.81
6347.81
6347.81
6347.81
6554.08
6726.58
6385.77
6384.24
6703.68
6566.53
6370.79
6135.48
6401.08
6357.65
6606.75
6521.33
6504.69
6703.23
6537.65
6592.76
6581.32
6370.23
6334.23
6580.52
6573.59
6744.09
6734.79
6124.73
6727.58
6704.71
6480.61
6574.78
6363.18
6472.08
6722.01
6152.49
6743.21
6670.85
6480.72
6580.9
6537.95
6709.5
6283.34
6157.58
6695.45
6754.91
6710.02
6696.33
6207.13
6495.55
6592.78
6277.82
6365.68
6499.36
6502.38
6709.62
6298.92
6726.18
6583.43
6510.14
6332.98
6525.64
6564.04
6505.05
6731.16
6510.85
6581.38
6720.05
6569.52
6527.82
6588.03
6592.78
6580.71
6581.2
6660.3
6583.04
6688.21
6562.99
6492.36
6311.93
6280.59
6367.91
6496.54
6571.71
6490.11
6496.48
6504.74
6359.95
6481.92
6592.76
6577.54
6247.74
6714.75
6227.52
6723.5
6578.94
6154.77
6570.91
6524.29
6537.88
6367.23
6485.79
6380.47
6728.47
6731.32
6372.77
6363.62
6704.59
6586.61
6503.29
6511.27
6584.34
6147.53
6726.45
6366.08
6474.77
6307.58
6570.47
6491.9
6150.41
6701.67
6721.96
6514.18
6562.14
6720.26
6503.64
6678.84
6763.7
6358.77
6558.39
6329.83
6582.85
6342.83
6362.73
6282.65
6580.91
6599.45
6507.38
6743.12
6223.39
6683.65
6702.15
6376.14
6720.14
6368.87
6496.02
6574.97
6376.05
6517.08
6299.21
6143.63
6367.43
6287.72
6377.95
6495.1
6529.95
6706.7
6489.83
6367.9
6736.36
6513.75
6785
6219.27
6706.07
6370.27
6589.86
6734
6573.72
6582.82
6422.06
6554.37
6384.82
6528.62
6241.84
6494.71
6508.74